1.0000000000000000e-02, 9.9999999999999995e-08, 6.6736022875665412e-05
1.8016482306544110e-02, 9.9999999999999995e-08, 5.4966990753563109e-04
3.2459363470201695e-02, 9.9999999999999995e-08, 4.2974706606356185e-03
5.8480354764257315e-02, 9.9999999999999995e-08, 2.7828086475207906e-02
1.0536102768906644e-01, 9.9999999999999995e-08, 1.2805713766400900e-01
1.8982350911593698e-01, 9.9999999999999995e-08, 3.0450101271461788e-01
3.4199518933533929e-01, 9.9999999999999995e-08, 4.2696002455287307e-01
6.1615502775833431e-01, 9.9999999999999995e-08, 3.6517137436581043e-01
1.1100946155696227e+00, 9.9999999999999995e-08, 2.7122046727341205e-02
2.0000000000000000e+00, 9.9999999999999995e-08, 1.0600316349918114e-03
1.0000000000000000e-02, 1.6681005372000591e-07, 5.1671313921037567e-04
1.8016482306544110e-02, 1.6681005372000591e-07, 4.2558922921837545e-03
3.2459363470201695e-02, 1.6681005372000591e-07, 3.3273723839078034e-02
5.8480354764257315e-02, 1.6681005372000591e-07, 2.1546025500671290e-01
1.0536102768906644e-01, 1.6681005372000591e-07, 9.8974016944093179e-01
1.8982350911593698e-01, 1.6681005372000591e-07, 2.3523124721951332e+00
3.4199518933533929e-01, 1.6681005372000591e-07, 3.0582555427805462e+00
6.1615502775833431e-01, 1.6681005372000591e-07, 1.0279821752417191e+00
1.1100946155696227e+00, 1.6681005372000591e-07, 3.5341824270159805e-02
2.0000000000000000e+00, 1.6681005372000591e-07, 4.2321436811471559e-03
1.0000000000000000e-02, 2.7825594022071259e-07, 3.9934107873721330e-03
1.8016482306544110e-02, 2.7825594022071259e-07, 3.2951845810741044e-02
3.2459363470201695e-02, 2.7825594022071259e-07, 2.5762527431556215e-01
5.8480354764257315e-02, 2.7825594022071259e-07, 1.6681704895162808e+00
1.0536102768906644e-01, 2.7825594022071259e-07, 7.6696206618903080e+00
1.8982350911593698e-01, 2.7825594022071259e-07, 1.8372399893304877e+01
3.4199518933533929e-01, 2.7825594022071259e-07, 1.4777568670432716e+01
6.1615502775833431e-01, 2.7825594022071259e-07, 1.8303694316838386e+00
1.1100946155696227e+00, 2.7825594022071259e-07, 1.3250279247864805e-01
2.0000000000000000e+00, 2.7825594022071259e-07, 1.2872484304275601e-02
1.0000000000000000e-02, 4.6415888336127821e-07, 3.0976122373971980e-02
1.8016482306544110e-02, 4.6415888336127821e-07, 2.5513376037115837e-01
3.2459363470201695e-02, 4.6415888336127821e-07, 1.9946788902298944e+00
5.8480354764257315e-02, 4.6415888336127821e-07, 1.2914843974293387e+01
1.0536102768906644e-01, 4.6415888336127821e-07, 5.9325497206440254e+01
1.8982350911593698e-01, 4.6415888336127821e-07, 1.2173795700139451e+02
3.4199518933533929e-01, 4.6415888336127821e-07, 3.4497196299669362e+01
6.1615502775833431e-01, 4.6415888336127821e-07, 2.6780770982670346e+00
1.1100946155696227e+00, 4.6415888336127821e-07, 5.5150527620861434e-01
2.0000000000000000e+00, 4.6415888336127821e-07, 3.6217409119149488e-02
1.0000000000000000e-02, 7.7426368268112780e-07, 2.3983693039345774e-01
1.8016482306544110e-02, 7.7426368268112780e-07, 1.9754013738323544e+00
3.2459363470201695e-02, 7.7426368268112780e-07, 1.3669170902653425e+01
5.8480354764257315e-02, 7.7426368268112780e-07, 9.9969341853426997e+01
1.0536102768906644e-01, 7.7426368268112780e-07, 4.5865283563236869e+02
1.8982350911593698e-01, 7.7426368268112780e-07, 4.7774540283320965e+02
3.4199518933533929e-01, 7.7426368268112780e-07, 6.7408356901952686e+01
6.1615502775833431e-01, 7.7426368268112780e-07, 9.1394862497914797e+00
1.1100946155696227e+00, 7.7426368268112780e-07, 1.6128486400103950e+00
2.0000000000000000e+00, 7.7426368268112780e-07, 9.7962027543520278e-02
1.0000000000000000e-02, 1.2915496650148827e-06, 1.6388985891443475e+00
1.8016482306544110e-02, 1.2915496650148827e-06, 1.3493177102318171e+01
3.2459363470201695e-02, 1.2915496650148827e-06, 1.0587512671467771e+02
5.8480354764257315e-02, 1.2915496650148827e-06, 6.7847829859820433e+02
1.0536102768906644e-01, 1.2915496650148827e-06, 2.4896165059653308e+03
1.8982350911593698e-01, 1.2915496650148827e-06, 1.0738871333387162e+03
3.4199518933533929e-01, 1.2915496650148827e-06, 1.5280711805332137e+02
6.1615502775833431e-01, 1.2915496650148827e-06, 3.6011710729664166e+01
1.1100946155696227e+00, 1.2915496650148827e-06, 4.5346047287812725e+00
2.0000000000000000e+00, 1.2915496650148827e-06, 2.8416455325534673e-01
1.0000000000000000e-02, 2.1544346900318822e-06, 1.4365338228331346e+01
1.8016482306544110e-02, 2.1544346900318822e-06, 1.1834998319665380e+02
3.2459363470201695e-02, 2.1544346900318822e-06, 8.1958804020700688e+02
5.8480354764257315e-02, 2.1544346900318822e-06, 5.9783666824564998e+03
1.0536102768906644e-01, 2.1544346900318822e-06, 8.0737050234849003e+03
1.8982350911593698e-01, 2.1544346900318822e-06, 1.7537947411679024e+03
3.4199518933533929e-01, 2.1544346900318822e-06, 5.3299815648288563e+02
6.1615502775833431e-01, 2.1544346900318822e-06, 1.1345297233715249e+02
1.1100946155696227e+00, 2.1544346900318822e-06, 1.3210166148351107e+01
2.0000000000000000e+00, 2.1544346900318822e-06, 7.8292971215197937e-01
1.0000000000000000e-02, 3.5938136638046257e-06, 1.1114530604156589e+02
1.8016482306544110e-02, 3.5938136638046257e-06, 9.1613777192415228e+02
3.2459363470201695e-02, 3.5938136638046257e-06, 7.1757282672598130e+03
5.8480354764257315e-02, 3.5938136638046257e-06, 3.8452489666965113e+04
1.0536102768906644e-01, 3.5938136638046257e-06, 1.8121892218026998e+04
1.8982350911593698e-01, 3.5938136638046257e-06, 5.4739474326198906e+03
3.4199518933533929e-01, 3.5938136638046257e-06, 1.8502300442418386e+03
6.1615502775833431e-01, 3.5938136638046257e-06, 3.3180583884163383e+02
1.1100946155696227e+00, 3.5938136638046257e-06, 3.5268908246315370e+01
2.0000000000000000e+00, 3.5938136638046257e-06, 2.1967761697138677e+00
1.0000000000000000e-02, 5.9948425031894087e-06, 8.6054234113512757e+02
1.8016482306544110e-02, 5.9948425031894087e-06, 7.0932391089508428e+03
3.2459363470201695e-02, 5.9948425031894087e-06, 5.5120833793255028e+04
5.8480354764257315e-02, 5.9948425031894087e-06, 1.1640227280956077e+05
1.0536102768906644e-01, 5.9948425031894087e-06, 2.9948433545682958e+04
1.8982350911593698e-01, 5.9948425031894087e-06, 1.9661091560849065e+04
3.4199518933533929e-01, 5.9948425031894087e-06, 5.5952430168141364e+03
6.1615502775833431e-01, 5.9948425031894087e-06, 8.6458821947139359e+02
1.1100946155696227e+00, 5.9948425031894087e-06, 1.0226898171178648e+02
2.0000000000000000e+00, 5.9948425031894087e-06, 6.2606217416935648e+00
1.0000000000000000e-02, 1.0000000000000001e-05, 6.6718451008928741e+03
1.8016482306544110e-02, 1.0000000000000001e-05, 5.4893977083484140e+04
3.2459363470201695e-02, 1.0000000000000001e-05, 3.7627549460167415e+05
5.8480354764257315e-02, 1.0000000000000001e-05, 2.6907443010543654e+05
1.0536102768906644e-01, 1.0000000000000001e-05, 9.6344540007879172e+04
1.8982350911593698e-01, 1.0000000000000001e-05, 6.3541912321110387e+04
3.4199518933533929e-01, 1.0000000000000001e-05, 1.5931503273525188e+04
6.1615502775833431e-01, 1.0000000000000001e-05, 2.5365538834422237e+03
1.1100946155696227e+00, 1.0000000000000001e-05, 2.7092734625285811e+02
2.0000000000000000e+00, 1.0000000000000001e-05, 1.6317050031842552e+01
