[0.01, 1e-07, 7.662880032398039e-06]
[0.01801648230654411, 1e-07, 6.434760031255742e-05]
[0.032459363470201695, 1e-07, 0.0005130446565681708]
[0.058480354764257315, 1e-07, 0.0033281764793450757]
[0.10536102768906644, 1e-07, 0.01443597315363019]
[0.18982350911593698, 1e-07, 0.036347770445466304]
[0.3419951893353393, 1e-07, 0.04809505938255154]
[0.6161550277583343, 1e-07, 0.04226691808520278]
[1.1100946155696227, 1e-07, 0.0032344698219427767]
[2.0, 1e-07, 4.520899400939839e-05]
[0.01, 1.668100537200059e-07, 5.9330938552041996e-05]
[0.01801648230654411, 1.668100537200059e-07, 0.0004982200103222497]
[0.032459363470201695, 1.668100537200059e-07, 0.003972311285497409]
[0.058480354764257315, 1.668100537200059e-07, 0.025768379275441664]
[0.10536102768906644, 1.668100537200059e-07, 0.11506977616076852]
[0.18982350911593698, 1.668100537200059e-07, 0.2804298520768125]
[0.3419951893353393, 1.668100537200059e-07, 0.3606265693486456]
[0.6161550277583343, 1.668100537200059e-07, 0.11399801447214426]
[1.1100946155696227, 1.668100537200059e-07, 0.0023377092615427396]
[2.0, 1.668100537200059e-07, 0.00020425628578159323]
[0.01, 2.782559402207126e-07, 0.00045937815806836355]
[0.01801648230654411, 2.782559402207126e-07, 0.003857535789331728]
[0.032459363470201695, 2.782559402207126e-07, 0.03075596808085261]
[0.058480354764257315, 2.782559402207126e-07, 0.1995038240236444]
[0.10536102768906644, 2.782559402207126e-07, 0.8648391004582088]
[0.18982350911593698, 2.782559402207126e-07, 2.1248974638596887]
[0.3419951893353393, 2.782559402207126e-07, 1.76803590727986]
[0.6161550277583343, 2.782559402207126e-07, 0.20647432433771054]
[1.1100946155696227, 2.782559402207126e-07, 0.006225416788860743]
[2.0, 2.782559402207126e-07, 0.0006331712894638428]
[0.01, 4.641588833612782e-07, 0.0035567947864378557]
[0.01801648230654411, 4.641588833612782e-07, 0.029867436121174012]
[0.032459363470201695, 4.641588833612782e-07, 0.23812836321763908]
[0.058480354764257315, 4.641588833612782e-07, 1.5444551092824472]
[0.10536102768906644, 4.641588833612782e-07, 6.683005359238743]
[0.18982350911593698, 4.641588833612782e-07, 14.068489115090584]
[0.3419951893353393, 4.641588833612782e-07, 3.782855151574628]
[0.6161550277583343, 4.641588833612782e-07, 0.16122066905500057]
[1.1100946155696227, 4.641588833612782e-07, 0.022428430238637543]
[2.0, 4.641588833612782e-07, 0.0014421983110765974]
[0.01, 7.742636826811278e-07, 0.027538965330663412]
[0.01801648230654411, 7.742636826811278e-07, 0.23125165914573476]
[0.032459363470201695, 7.742636826811278e-07, 1.8436614402041882]
[0.058480354764257315, 7.742636826811278e-07, 11.953171075932328]
[0.10536102768906644, 7.742636826811278e-07, 52.4629972817319]
[0.18982350911593698, 7.742636826811278e-07, 54.42870000509427]
[0.3419951893353393, 7.742636826811278e-07, 5.920027176163779]
[0.6161550277583343, 7.742636826811278e-07, 0.4197440843821499]
[1.1100946155696227, 7.742636826811278e-07, 0.05933825040408785]
[2.0, 7.742636826811278e-07, 0.0038861702866325306]
[0.01, 1.2915496650148827e-06, 0.21322380189001924]
[0.01801648230654411, 1.2915496650148827e-06, 1.7904779324424571]
[0.032459363470201695, 1.2915496650148827e-06, 14.272930191037553]
[0.058480354764257315, 1.2915496650148827e-06, 92.58975941215219]
[0.10536102768906644, 1.2915496650148827e-06, 311.6194725479823]
[0.18982350911593698, 1.2915496650148827e-06, 105.33245093000346]
[0.3419951893353393, 1.2915496650148827e-06, 9.694093082241762]
[0.6161550277583343, 1.2915496650148827e-06, 1.484681252386123]
[1.1100946155696227, 1.2915496650148827e-06, 0.16760261335426144]
[2.0, 1.2915496650148827e-06, 0.009548406054740008]
[0.01, 2.1544346900318822e-06, 1.6509078679277787]
[0.01801648230654411, 2.1544346900318822e-06, 13.862550201183991]
[0.032459363470201695, 2.1544346900318822e-06, 110.47072226872882]
[0.058480354764257315, 2.1544346900318822e-06, 710.9839354964569]
[0.10536102768906644, 2.1544346900318822e-06, 1019.4941985886359]
[0.18982350911593698, 2.1544346900318822e-06, 135.493757764471]
[0.3419951893353393, 2.1544346900318822e-06, 22.74347372981637]
[0.6161550277583343, 2.1544346900318822e-06, 4.807154053276917]
[1.1100946155696227, 2.1544346900318822e-06, 0.5578240290378276]
[2.0, 2.1544346900318822e-06, 0.03628493128199428]
[0.01, 3.5938136638046257e-06, 12.78224699325321]
[0.01801648230654411, 3.5938136638046257e-06, 107.32249895690022]
[0.032459363470201695, 3.5938136638046257e-06, 854.4873805879708]
[0.058480354764257315, 3.5938136638046257e-06, 4494.91377200789]
[0.10536102768906644, 3.5938136638046257e-06, 2058.933040055483]
[0.18982350911593698, 3.5938136638046257e-06, 286.5935361931945]
[0.3419951893353393, 3.5938136638046257e-06, 77.98979497067758]
[0.6161550277583343, 3.5938136638046257e-06, 14.324872789055194]
[1.1100946155696227, 3.5938136638046257e-06, 1.3145821597472793]
[2.0, 3.5938136638046257e-06, 0.10109808883254487]
[0.01, 5.994842503189409e-06, 98.96541722687554]
[0.01801648230654411, 5.994842503189409e-06, 830.7374410613114]
[0.032459363470201695, 5.994842503189409e-06, 6531.324138092791]
[0.058480354764257315, 5.994842503189409e-06, 13584.251454658446]
[0.10536102768906644, 5.994842503189409e-06, 2428.1518691228516]
[0.18982350911593698, 5.994842503189409e-06, 852.1478864917539]
[0.3419951893353393, 5.994842503189409e-06, 239.58897501881765]
[0.6161550277583343, 5.994842503189409e-06, 40.39207805916199]
[1.1100946155696227, 5.994842503189409e-06, 4.336214234895493]
[2.0, 5.994842503189409e-06, 0.21533960894399878]
[0.01, 1e-05, 766.1921694578612]
[0.01801648230654411, 1e-05, 6427.334685485282]
[0.032459363470201695, 1e-05, 43713.30596137953]
[0.058480354764257315, 1e-05, 30306.562725677504]
[0.10536102768906644, 1e-05, 5341.861346100253]
[0.18982350911593698, 1e-05, 2782.4888551586378]
[0.3419951893353393, 1e-05, 690.2181864372628]
[0.6161550277583343, 1e-05, 112.93453525414908]
[1.1100946155696227, 1e-05, 10.218323796254015]
[2.0, 1e-05, 0.7827684029964964]
