1.0000000000000000e-02, 9.9999999999999995e-08, 1.7084436025151244e-05
1.8016482306544110e-02, 9.9999999999999995e-08, 1.4225010662697967e-04
3.2459363470201695e-02, 9.9999999999999995e-08, 1.0962666652598687e-03
5.8480354764257315e-02, 9.9999999999999995e-08, 7.1675113253590718e-03
1.0536102768906644e-01, 9.9999999999999995e-08, 3.2669101990179271e-02
1.8982350911593698e-01, 9.9999999999999995e-08, 7.8767946483248752e-02
3.4199518933533929e-01, 9.9999999999999995e-08, 1.0838784185535087e-01
6.1615502775833431e-01, 9.9999999999999995e-08, 9.1825009361290108e-02
1.1100946155696227e+00, 9.9999999999999995e-08, 7.0989544978305305e-03
2.0000000000000000e+00, 9.9999999999999995e-08, 3.2205468806523982e-04
1.0000000000000000e-02, 1.6681005372000591e-07, 1.3227866730177053e-04
1.8016482306544110e-02, 1.6681005372000591e-07, 1.1013908643650360e-03
3.2459363470201695e-02, 1.6681005372000591e-07, 8.4879860777127107e-03
5.8480354764257315e-02, 1.6681005372000591e-07, 5.5494866791791608e-02
1.0536102768906644e-01, 1.6681005372000591e-07, 2.5160684499194619e-01
1.8982350911593698e-01, 1.6681005372000591e-07, 6.0951769380569465e-01
3.4199518933533929e-01, 1.6681005372000591e-07, 7.7613433589361092e-01
6.1615502775833431e-01, 1.6681005372000591e-07, 2.6366300920030239e-01
1.1100946155696227e+00, 1.6681005372000591e-07, 1.0237055803481790e-02
2.0000000000000000e+00, 1.6681005372000591e-07, 1.2570591965382937e-03
1.0000000000000000e-02, 2.7825594022071259e-07, 1.0241860345495796e-03
1.8016482306544110e-02, 2.7825594022071259e-07, 8.5276715305387177e-03
3.2459363470201695e-02, 2.7825594022071259e-07, 6.5719183557989724e-02
5.8480354764257315e-02, 2.7825594022071259e-07, 4.2966387357166586e-01
1.0536102768906644e-01, 2.7825594022071259e-07, 1.9559482941894737e+00
1.8982350911593698e-01, 2.7825594022071259e-07, 4.7544045255706848e+00
3.4199518933533929e-01, 2.7825594022071259e-07, 3.7888516015714528e+00
6.1615502775833431e-01, 2.7825594022071259e-07, 4.9321866045548240e-01
1.1100946155696227e+00, 2.7825594022071259e-07, 4.0093934152710668e-02
2.0000000000000000e+00, 2.7825594022071259e-07, 3.8121620200356229e-03
1.0000000000000000e-02, 4.6415888336127821e-07, 7.9298932789360083e-03
1.8016482306544110e-02, 4.6415888336127821e-07, 6.6026565484180996e-02
3.2459363470201695e-02, 4.6415888336127821e-07, 5.0883568345599428e-01
5.8480354764257315e-02, 4.6415888336127821e-07, 3.3264831951408653e+00
1.0536102768906644e-01, 4.6415888336127821e-07, 1.5144978218233828e+01
1.8982350911593698e-01, 4.6415888336127821e-07, 3.1338086614099659e+01
3.4199518933533929e-01, 4.6415888336127821e-07, 8.9220699558234386e+00
6.1615502775833431e-01, 4.6415888336127821e-07, 7.4095143352911208e-01
1.1100946155696227e+00, 4.6415888336127821e-07, 1.6080887211526904e-01
2.0000000000000000e+00, 4.6415888336127821e-07, 1.1123400689747400e-02
1.0000000000000000e-02, 7.7426368268112780e-07, 6.1398309080529151e-02
1.8016482306544110e-02, 7.7426368268112780e-07, 5.1121850534899127e-01
3.2459363470201695e-02, 7.7426368268112780e-07, 3.9396515379848820e+00
5.8480354764257315e-02, 7.7426368268112780e-07, 2.5750392934120896e+01
1.0536102768906644e-01, 7.7426368268112780e-07, 1.1679050352032873e+02
1.8982350911593698e-01, 7.7426368268112780e-07, 1.2497800946153380e+02
3.4199518933533929e-01, 7.7426368268112780e-07, 1.8456514912700378e+01
6.1615502775833431e-01, 7.7426368268112780e-07, 2.8283788243794921e+00
1.1100946155696227e+00, 7.7426368268112780e-07, 4.9213448021527811e-01
2.0000000000000000e+00, 7.7426368268112780e-07, 3.1759625990372450e-02
1.0000000000000000e-02, 1.2915496650148827e-06, 4.7538430231712225e-01
1.8016482306544110e-02, 1.2915496650148827e-06, 3.9619321111483803e+00
3.2459363470201695e-02, 1.2915496650148827e-06, 3.0501288370853757e+01
5.8480354764257315e-02, 1.2915496650148827e-06, 1.9848432280612803e+02
1.0536102768906644e-01, 1.2915496650148827e-06, 7.2032271522713336e+02
1.8982350911593698e-01, 1.2915496650148827e-06, 2.7793852776585902e+02
3.4199518933533929e-01, 1.2915496650148827e-06, 4.4850417089992682e+01
6.1615502775833431e-01, 1.2915496650148827e-06, 1.1087113113919349e+01
1.1100946155696227e+00, 1.2915496650148827e-06, 1.3777171691599330e+00
2.0000000000000000e+00, 1.2915496650148827e-06, 8.1832677745859062e-02
1.0000000000000000e-02, 2.1544346900318822e-06, 3.6807187726206121e+00
1.8016482306544110e-02, 2.1544346900318822e-06, 3.0675259592684551e+01
3.2459363470201695e-02, 2.1544346900318822e-06, 2.3611917952969259e+02
5.8480354764257315e-02, 2.1544346900318822e-06, 1.5363460437033530e+03
1.0536102768906644e-01, 2.1544346900318822e-06, 2.3129766083281788e+03
1.8982350911593698e-01, 2.1544346900318822e-06, 4.9497070922228988e+02
3.4199518933533929e-01, 2.1544346900318822e-06, 1.6526771783492782e+02
6.1615502775833431e-01, 2.1544346900318822e-06, 3.5249862124441307e+01
1.1100946155696227e+00, 2.1544346900318822e-06, 3.9756208169445975e+00
2.0000000000000000e+00, 2.1544346900318822e-06, 2.3018711541697248e-01
1.0000000000000000e-02, 3.5938136638046257e-06, 2.8498318213878154e+01
1.8016482306544110e-02, 3.5938136638046257e-06, 2.3749568197485937e+02
3.2459363470201695e-02, 3.5938136638046257e-06, 1.8270114004064046e+03
5.8480354764257315e-02, 3.5938136638046257e-06, 9.9203609075155746e+03
1.0536102768906644e-01, 3.5938136638046257e-06, 5.2801765872224087e+03
1.8982350911593698e-01, 3.5938136638046257e-06, 1.6372297806347442e+03
3.4199518933533929e-01, 3.5938136638046257e-06, 5.6173942813318126e+02
6.1615502775833431e-01, 3.5938136638046257e-06, 1.0476623727160052e+02
1.1100946155696227e+00, 3.5938136638046257e-06, 1.0534200088480286e+01
2.0000000000000000e+00, 3.5938136638046257e-06, 6.4044317252370675e-01
1.0000000000000000e-02, 5.9948425031894087e-06, 2.2064889324706488e+02
1.8016482306544110e-02, 5.9948425031894087e-06, 1.8385867433604060e+03
3.2459363470201695e-02, 5.9948425031894087e-06, 1.4105561410149210e+04
5.8480354764257315e-02, 5.9948425031894087e-06, 3.0345419537973281e+04
1.0536102768906644e-01, 5.9948425031894087e-06, 8.2883478672658421e+03
1.8982350911593698e-01, 5.9948425031894087e-06, 6.1582438879893425e+03
3.4199518933533929e-01, 5.9948425031894087e-06, 1.7068021059610223e+03
6.1615502775833431e-01, 5.9948425031894087e-06, 2.7985537202063460e+02
1.1100946155696227e+00, 5.9948425031894087e-06, 3.0660713465898855e+01
2.0000000000000000e+00, 5.9948425031894087e-06, 1.9306165739445349e+00
1.0000000000000000e-02, 1.0000000000000001e-05, 1.7128755644731777e+03
1.8016482306544110e-02, 1.0000000000000001e-05, 1.4229999469524226e+04
3.2459363470201695e-02, 1.0000000000000001e-05, 9.5805898343292603e+04
5.8480354764257315e-02, 1.0000000000000001e-05, 7.2615337688510728e+04
1.0536102768906644e-01, 1.0000000000000001e-05, 2.7731123074462204e+04
1.8982350911593698e-01, 1.0000000000000001e-05, 2.0224126224349708e+04
3.4199518933533929e-01, 1.0000000000000001e-05, 4.8932677035469478e+03
6.1615502775833431e-01, 1.0000000000000001e-05, 7.8222799897024754e+02
1.1100946155696227e+00, 1.0000000000000001e-05, 7.9694474392917598e+01
2.0000000000000000e+00, 1.0000000000000001e-05, 4.9601380326735613e+00
